time
O0: 5.328125s
O1: 2.218750s
O2: 2.640625s
O3: 1.843750s
