time
O0: 6.421875s
O1: 1.859375s
O2: 1.453125s
O3: 1.562500s
