time
O0: 4.328125s
O1: 1.656250s
O2: 1.375000s
O3: 1.453125s
